#Example: Large parts of Africa and south east Asia
tropical = {
	# Southwest Africa
	1164 1165 1166 1167 1169 1170 1171 1172 1901
	2948 2949
	798 1168
	# North and West Africa
	1114  1117 1118 1119 1120 1121 1122 1124 1125
	1126 1136 1137 1138 1139 1140 1141 1143 1144 1145 1146 1147
	1149 1150 1151 1152 1153 1154 1155 1160 1161 1162 1163 1249
	# More West Africa
	2238 2242 2248 2250 2252 2254 2256 2258 2266 2278 2280 2286 2290 2292 2294
	2241 2249 2253 2255 2257 2267 2281 2283 2285 2289 2291 2293 2295
	# Africa
	788 1182 1183 1186 1187 1191 1192 1195 1196 1197 1198 1199 1200 1201 1202 4049
	# India
	516 517 526 527 529 530 531 533 534 535 537 539 540 542 543 544 545 546 547 548 549 552 553 561 564 568 570 572 573 574 580 
	1946 1947 2026 2028 2029 2030 2033 2034 2036 2037 2038 2039 2041 2043 2048 2049 2050 2057 2080 2081 2083 2084 2089 2090 2091 2092 2099 2100 4407 4408 4409
	4410 4413 4415 4416 4417 4418 4419 4425 4427 4429 4430 4431 4432 4433 4439 4441 4442 4443 
	4444 4445 4446 4448 4450 4451 4460 4473 4474 4475 4476 4477 4478
	#China
	660 663 664 666 738 2155 2159 2160 2161 2162 2163 2164 2165 2166 
	# Pacific Islands
	1235 1236 1237 1238 1239 1240 1241 1242 1243 1244 1245 1986 1987 1988 1989 1990 1991 1992 1993 1994 1995 1996
	1997 1998 1999 2718 2719 2720 2721 2722 2723 2724
	# Indonesia
	617 618 619 620 621 622 623 624 625 626 627 628 629 630 631 632 633 634 635 636 637 638 639 640 641 642 643 644
	645 646 647 648 649 650 651 652 653 654 655 656 657 658 659 
	2371 2372 2373 2374 2375 2376 2377 2378 2379 2380 2381 2382 2383 2384 2385 2386 2387
	2388 2389 2390 2391 2392 2393 2394 2395 2396 2397 2398 2399 2400 2401 2402 2403 2404
	#More Indonesia
	2673 2674 2675 2676 2677 2678 2679 2680 2681 2682 2683 2684 2685 2686 2687 2688 2689 2690 2691 2692
	2693 2695 2696 2697 2698 2699 2700 2701 2702 2703 2704 2705 2706 2707 2708 2709 2710 2711 2712
	2713 2714 2715 2716 2717 2725
	4348 4349 4350 4351 4352 4353 4354 4355 4356 #Philippine additions
	# Parts of Australia
	2728 2729 2730 2731
	# Amazonas and others
	747 748 758 800 803 815 821 822 2811 2815 2816 2823 2830 2832 2833 2888 2889 2890 2900 2901 2902 2903 2904 2905 2906 2923 2929 2930 2931 2933 2934 2935 2943 2944 2926 2928 2945 2854 2878 2882 2883
	2857 2879 2884 2887 #Rio Grande
	759 765 2891 2892 2894 2898 2899 #Minas Gerais
	2907 2908 2909 2910 2911 2919 #Goias
	2881 2893 2920 #Mato Grosso
	766 768 769 2895 2896 2897 #Sao Paolo
	756 757 760 761 2914 2916 #Bahia
	749 752 2886 2924 2925 2927 #Maranhao
	741 742 743 830 831 834 2803 2804 2805 2807 2808 2809 2810 2813 2939 #Venezuela
	828 829 #New Andalucia
	744 745 746 2937 2938 #Guyana
	776 799
	#Central America
	835 836 837 838 839 840 841 842 843
	2635 2636 2637 2638 2640 2649 2653 2660 2661 2662 2663 2664
	2819
	# South East Asia
	582 606 607 608 609 610 611 612 613 614 615 616 1844
	567 579 583 584 585 586 587 588 589 590 591 592 593 594 595 596 597 598 599 4393 4394 4395 4396 4397 4398 4399 4404 4405 4406 581
	600 601 602 603 604 605 1016 1823 1817 1022 1815
	# Wasteland
	1789 1796 1797 1798 1799 1800 1802 1803 2740
	1194 4021 4022 4023 4024 4025 4026 4027 4029 4030 4031 #Madagascar
	4034 4035 4036 4037 4038 4039 4040 4041 4042 4043 4044 #Zambezi & Congo
	4045 4046 4047 4048 4050 4053 4054 4058 4059 4060 4061
	4062 4063 4064 4065 4066 4067 4068 4069 4070 4071 4072
	4074 4075 4076 4077 4078 4079 4080 4081 4082 4083 4084
	4085 4087 4086 4088 4089 4090 4091 4092 4093 4094 4095
	4096 4097 4098 4099 4100 4101 4102 4103 4104 4105 4106
	4107 4108 4109 
	#New Spanish Main
	2806 2812 2814 4585 4586 4587 4589 4592 4593 4594 4595 4597 4601 4602 4608 4609 4610 4611 4612 4613 4614 4615 4616 4617

}

arid = {
	# Persia
	427 432 433 434 435 436 438 447 455 575 576 577 2220 2216 2222 2224 2229 2230 2231 2232 2233 2234 2235 4323 4327 4334 4336 4345

	# Arabia
	391 392 393 403 404 394 383 384 385 386 389 402 380 381 2327 2328 2329 2330 2331 2332 2335 2336 2337 2338 2339 2340 2343 2344 2345 2347
	#New Provinces in Arabia
	395 397 401 405 407 409 2311 2314 2333 2341 2342
	4268 4269 4270 4271 4272 4273 4274 4275
	4277 4278 4283 4284 4285 4287 4288 
	
	# Wasteland	
	1779 1793 1794 1795 1786 1790 1791 2200 2334
	
	# North Africa
	346 347 349 350 351 352 353 354 355 356 357 365 1111 1128 1131 1132 1133 1134 1135 1127 2318 2320 2321 2322 2323 2324 2325 2326 2448 2449 2450 2451 2452 2453 2456 2457 2458 2460 2472 2475 2474

	#The Sahel
	1112 1113 1115 1116 1123 1129 1130 1142 1148 1156 1157 1158 1159
	2237 2240 2243 2244 2245 2246 2247 2259 2260 2261 2262 2263 2264 2265 2268 2269 2270 2271 2272 2273 2274 2275 2276 2277 2279 2282 2284 2287 2288 2239
	
	# East Africa
	774 1216 1219 1221 1233 1231 1232  1234 1203 1204 1205 1206 1207 1208 1209 1210 1211 1212 1213 1214 1215  1217 1218  1220  1222 1223 1224 1225
	1226 1227 1228 1229 1230 2024
	2770 2771 2772 2762 2763 2769 2768 2791 2760 2761
	2758 2759 2766 2767 2778 2779 2792 2787 2789 2790
	2764 2765 2932
	2756 2757 2773 2774 2775 2776 2777 2780 2781 2782 2783 2784 2785 2786 2788 2793 2794 2795 2796 2797 2798 2799 2800 2801 2802
	4033 4158
	
	# Namibia
	1173 1174 1175 1176 1801 2856 2864 2880
	
	# Central Asia 
	437 441 442 444 458 1784 1785 1967 1968 2349 2350 2363
	
	#Tarim Basin
	707 710 711 712 739 2121 2122 2123 2124 2192 4693
	
	# India
	503 504 505 506 512 513 514 2088 2064 2066 2068 2072 2078 2079 2086 4502 4503 4504 4505 4506 4507 4508 4509 4513
	
	# Northern Mexico
	862 863 864 865 866 867 876 877 878 879 880 881 882 1808 1809 2009 889 890 891 885 868 859 860 861
	
	# North America changes
	875 2476 2478 2491 2492 2493 2494 2495 2497 2498 2500 2616 2618 2620 2666 2667
	
	#Australia
	2726 2727 2732
	
	#Patagonia
	780 781 782 786 2863 2868 2869 2870 2875 2876
	
	#Southern Pampas
	779 2860 2861 2865 2866
	
	#Kenya & Tanzania
	1273 1925 4051 4052 4055 4056 4057 4073
	
	#Madagascar
	1193 4028 4032
	
	#1.20
	4206 4207 4209 4210

	#New Mesoamerica
	4577 4606 4628 4629 4630 4631 4632 4633 4634 4635 4639 4644 4646 4648 4649 4650
}

arctic = {
	# Northern Griffonia
	4143 4144 4241 22 20 5 16 4164 21 315 4113 38 1776 1930 4123 1977 2 3 31 25
	4152 39 27 29 28 32 30 1961 1842 7 4124 1834 33 309 313 37 34 274 310 1958 4258
	2953 284 463 2197 2416 2410 287 464 2417 311 1752 4261 1935 4114
	
}

#Example: Most of Europe north of med.
mild_winter = {
	
}

#Example: Inland Europe & Scandinavia
normal_winter = {
	
}

#Example: Russia & Lappland
severe_winter = {
	# Northern Griffonia
	4143 4144 4241 22 20 5 16 4164 21 315 4113 38 1776 1930 4123 1977 2 3 31 25 4152 39 27 29 28 32 30 1961 1842 7 4124 1834 33 309 313 37 34 274 310 1958 4258
	2953 284 463 2197 2416 2410 287 464 2417 311 1752 4261 17 4145 2752 376 4118 4146 4153 2426 4159 4160 4162 4161 285 4157 2425 4148 275 4248 4249 2407 290 299
	2409 308 4250 4243 294 1959 4260 4254 4259 1955 306 4262  
	
	#Riverlands
	1957 1754 4122 4255 1778 293 295 2423 4147 4245 4251 4246 4114 1935 4253 1956 4117 314 4545 4544 467 298 283 4543 1941 4115 289 4247 304 1777 303 302 4252 300
	2421 1081 2415 2418 2419 4267 4264 296 4263 307 1083 1753 2422 4256 301 1079 479 4178 1045 4689 2437 1077 1071 4690 4686 1082 4688	2354 2428 1962 2433 4154 4266
	
	#Greyclif
	4257 312 4129
	
	#Blackrock
	4531 234 4179 2447 4155 2370 422 462 424 159 2304 4301 443 158 156 4532
}

impassable = {
	2426 1173 1779 1781 1782 1783 1784 1785 1786 1787 1788 1789 1790 1791 1793 1794 1795 1796 1797 1798 1799 1801 1802 1803 1804 1805
	1806 1807 1808 1810 1811 1812 1814 1950 2194 2200 2251 2334 2608 2740 2425 2936 3415 3416 3417 3418 3419 3590 3591 3592 3593 3594 3595 
	3596 3597 3598 3599 3620 3621 3622 3623 3624 3625 3626 3427 3628 3629 3630 3631 3632 3633 3634 3635 3636 3437 3638 3639 4146
	4153 4154 4155 4156 4157 4159 4160 4161 4162 4167 4168 4169 4170 4172 4177 4178 4179 4276 4321 4322 4328 4400 4401 4402 4403
	4522 2129 4569
	4657 405
}

mild_monsoon = {
	2026 4415 4416 # Tanjore
	4408 4407 2100 4409  # Lanka
	538 2085 4414 # Kongu
	539 540 1947 2027 4417  # South Carnatic
	2083 4418 4419 4420 # North Carnatic
	533 2031 4421 4422 4426 # Mysore
	541 1949 2090 4423 4424 # Rayalaseema
	532 2033 4428  # Raichur Doab
	542 2037 4436 4439 # Golconda
	569 1948 2035 4435 # Maidan
	544 545 4432 4433 4437 # Ahmednegar
	515 521 2052 4454 4455 # Saurashtra	
	527 4434 4453 # Khandesh
	510 2065 4411 4463 # Sirhind
	507 2075 2076 4510 4513 # Lahore
	518 2058 2087 4501 4462 # Mewar
	586 4399 # Lower Burma
	4394 4396 585 4395 # Central Burma
	2398 580 4393 2397 # Chindwin
	583 588 2400 4397 4406 # Shan Hills
	587 2401 4398 # Karenni
	600 603 2388 2389 # Central Thailand
	601 602 1817 589 # Northern Thailand
	617 2673 # Aceh
	609 2378 # Cambodia
	605 2376 # Mekong
	652 653 4354 # West Mindinao
	1025 1026 4131 4192 # Tohoku
	1014 1818 4182 4651 # Kyushu
	1017 1019 1825 4184 # Sanyodo
	1845 # Pyongyan
	671 2174 # Hunan
	682 2172 4197 # Hubei
	686 2146 2147 # south Anhui
	685 1821 1822 2145 # South Jiangsu
	1113 1116 # Jolof
	1120 1121 1124 2248 # Manding
	1123 2249 2250 # Massina
	1134 # Jenne
	1135 1136 1137 2265 2266 # Lower Volta
	1150 1154 2278 2293 # Zazzau
	1148 1149 2279 # Katsina
	1155 2280 2281 # Kano
	1142 2270 # Dendi
	2245 # Wagadu
	1157 1160 2282 2283 2284 # Bornu
	1158 1159 2286 2287 2288 # Kanem
	1168 4080 # Kongolese Coast
	1098 1167 1171 1172  # Angola
	2948 4082 4084 # Matamba
	4083 4087 4091 4092 4093 # Kasai
	4094 4095 4107 # Chokwe
	4104 4106 4108 # Zambia
	4097 4099 4105 4109 # Luba
	4070 4071 4072 4076 4077 # Buha
	4055 4056 4057 4058 4073 # Tanzania
	4059 4061 4063 # Buzinza
	4028 4030 # Antemoro
	1200 1202 1203 # Mombasa
	4034 4035 4048 # Makuana
	4036 4037 4043 4042 # Ruvuma
	4038 4039 4040 # Shire
	2909 2910 2911 # Pontal
	758 2906 2907 2908 2919 # Goias
	765 2894 2899 # Minas Gerais
	766 769 2896 # Sao Paolo
	768 2895 2897 # Guayra
	2900 2901 2902 # Guapore
	2893 2920 # Ofaie
	2888 2904 2905 # Mato Grosso
	2928 # Grao Para
	749 2927 # Maranhao
	2857 2879 2884 # Rio Grande do Sol
	2730 2731 # Northern Australia
}

normal_monsoon = {
	534 535 537 4410 4413 # Malabar
	543 549 2084 2080 4425 # Andhra
	1946 2034 4431 # Desh
	2028 4438 4444 # Telingana
	552 2038 2043 2049 4441 # Orissa
	560 2096 4450 4470 4471 # Jharkhand
	516 2051 2054 4512 4457 # Ahmedabad
	2053 4456 4480 # Patan
	526 2056 2057 2093 4461 # Malwa
	519 520 2064 4500 # Jaipur
	525 528 740 4464 4465 # Gird
	558 4469 4472 4489 # Bihar
	2047 4484 4487 4488 # Mithila
	555 2055 2095 4490 # Purvanchal
	523 2094 4494 4495 4497 # Oudh
	524 556 2063 4496 # Lower Doab
	2061 4498 4499 # Katehar
	522 2060 2062 # Upper Doab
	4449 508 # Kashmir
	572 2099 # South Lanka
	582 2395 2396 4404 4405 # Kachin
	595 596 2392 # Malacca
	620 659 2675 2676 2677 # Riau
	618 619 2674 # Batak
	2685 # Gayo
	604 1823 2379 # Cambodia
	2377 2380 # Mekong
	606 607 1022 2374 2375 # Champa
	608 611 614 2382 # South Laos
	615 1844 2371 2381 # Noth Laos
	613 616 2372 # Song Hong
	610 1016 2373 # Tonkin
	638 2709 2710 2711 2712 # Kutai
	627 628 2691 2692 # East Java
	630 2688 # West Java
	631 632 2693 # Lesser Sunda Isles
	643 644 2713 2714 # North Sulawesi
	633 635 2695 # Timor
	645 2696 2717 2725 # Molucca
	648 649 650 # Spice Islands
	654 2700 4351 4352 4353 # Visayas
	2701 2702 4355 # Mindinao
	651 655 4356 # Palawan
	657 658 2698 4348 # North Luzon
	656 2697 2699 4349 4350 # South Luzon
	1237 2719 2720 2721 2722 # Papua
	1012 1015 4180 4181 # Southern Kyushu
	1819 1820 4186 # Shikoku
	1029 1839 4188 4360 # Eastern Chubu
	1030 1835 4359 # Western Chubu
	1020 1021 1832 4187 # Kinai
	1018 1830 4183 4185  # Sanindo
	1023 1024 1837 # Hokuriku
	1028 1843 4189 # Western Kanto
	1027 4190 4191 # Easter Kanto
	733 735 4230 4231 # Western Korea
	734 736 2694 2745 4227 # Eastern Korea
	737 1013 2741 4228 4229 # Southern Korea
	667 668 2156 2157 2158 # Guangdong
	665 666 2159 2160 2161  # West Guangdong
	669 1829 2152 2153 # Fujian	
	670 683 1833 2151 # Jiangxi
	684 1824 2148 2149 2150 # Zhejiang
	738 2154 2155 # Taiwan
	2162 2164 # Guangxi
	2239 # Jolof
	1122 1125 2252 2253 # Kong
	1138 2254 2255 2256 2267 # Lower Volta
	1140 1143 2291 2292 2295 # Atacora Oueme
	1144 1145 1146 1152 1153 # Lower Niger
	1161 1162 1249 2285 # Adamawa Plateau
	1166 4078 4079 # Kongolese Coast
	798 1169 1170 1901 2949 # Kongo
	4081 4085 4086 4088 # Lower Kasai
	4089 4090 4096 # Sankuru
	4098 4100 4101 4102 4103 # Shaba
	4067 4068 4069 # Rwanda
	4062 4064 4066 # Uganda
	4065 4074 4075 # Bunyoro
	1273 1925 4053 4054 4060 # Kenya
	1193 1194 4022 4031 4032 # Sakalava
	1792 4023 4027 # Madagascan Highlands
	788 1195 4049 4020 # Mozambique
	1196 1197 1198 1199 1201 # Central Swahili Coast
	4041 4044 4045 # Ngonde
	1183 1186 1192 # Quelimane
	1184 2950 2951 2952 # Zimbabwe
	761 762 763 764 # Rio De Janeiro
	2888 2903 2904 2905 # Mato Grosso
	1126 1139 1141 2257 2258 # West African Coast
	2889 2930 2933 2934 # Amazon
	747 2935 2938 # Amapa
	748 2890 2929 # Grao Para
	2887 # Rio Grande Do Sol
	1103 1100 1101 1102 1248 1999 1998 # Indian Ocean islands
	2728 2729 # Top End
	1996 1995 1235 1993 1992 1994 1991 1236 # Pacific Ocean islands
}

severe_monsoon = {
	531 2029 2030 2032 4427 # Kanara
	529 530 2089 4429 # Konkan
	517 2036 4430 # Tapti
	546 548 2050 4442 4443 # Berar
	550 551 2092 4458 4460 # Gondwana
	547 2048 4445 4446 4448 # Garjat
	553 2082 4447 4451 4452 # Upper Mahanadi
	564 2039 4474 4475 4478 # East Bengal
	561 2081 4476 4477 # West Bengal
	567 2091 4473 # Tripura
	563 2044 4479  # Gaur
	562 2045 2046 4486 # North Bengal
	566 571 2040 2042 4440 # Assam
	570 573 2041 # Naga Hills
	2097 2098 4468 # Baghelkhand
	559 2059 4459 4466 4467 # Bundelkhand
	509 511 2069 4493 # Himalayan Hills
	4491 4492 554 # Baisi Rajya
	557 2070 2071 4483 4485 # Nepal	
	568 579 2402 # Rakhine
	590 1815 2403 # Lower Burma
	591 592 2404 2387 # North Tenasserim
	593 594 2390 2391 2394 # Tenasserim
	597 598 599 2393 2686 # Malaya
	621 622 623 2678 # Lampung
	2680 2681 2682 # Minangkabau
	634 2679 2683 2684 # Indonesian islands
	604 # Oudong
	639 640 2706 2707 2708 # Kalimantan
	636 637 2703 2704 2705 # Brunei
	626 629 2689 2690 # Central Java
	624  2687 625 # West Java
	641 642 2715 2716 # South Sulawesi
	646 647 # Ceram
	1245 2718 2723 2724 # Vogelkop
	1118 1119 2241 2242 # Gulf of Guinea
	1151 1163 1164 1165 # Guinea
	1097 1306 # Sao Tome
	1147 2289 2290 2294  # Benin
	1114 1117 2238 # Futa Jallon
	4021 4024 4025 # Betsimasaraka
	4026 4029 # Antemoro
	1950 4401 4400 1787 2740 1789 2251 # Wastelands
}

equator_y_on_province_image = 656